x_class = array2d(1..18, 1..37, [1, 4, 5, 6, 8, 11, 12, 13, 16, 19, 20, 21, 22, 23, 24, 25, 26, 27, 28, 29, 30, 31, 33, 36, 37, 38, 40, 0, 0, 0, 0, 0, 0, 0, 0, 0, 0, 1, 4, 5, 6, 8, 11, 12, 13, 16, 19, 20, 21, 22, 0, 0, 0, 0, 0, 0, 29, 30, 31, 33, 36, 37, 38, 40, 43, 44, 45, 46, 0, 0, 0, 0, 0, 0, 1, 4, 5, 6, 8, 11, 12, 13, 16, 19, 20, 21, 22, 0, 0, 0, 0, 0, 0, 29, 30, 31, 33, 36, 37, 38, 40, 0, 0, 0, 0, 47, 48, 49, 50, 51, 52, 1, 4, 5, 6, 8, 11, 12, 13, 16, 19, 20, 21, 22, 23, 24, 25, 26, 27, 28, 29, 30, 31, 33, 36, 37, 38, 40, 0, 0, 0, 0, 0, 0, 0, 0, 0, 0, 1, 4, 5, 6, 8, 11, 12, 13, 16, 19, 20, 21, 22, 0, 0, 0, 0, 0, 0, 29, 30, 31, 33, 36, 37, 38, 40, 43, 44, 45, 46, 0, 0, 0, 0, 0, 0, 1, 4, 5, 6, 8, 11, 12, 13, 16, 19, 20, 21, 22, 0, 0, 0, 0, 0, 0, 29, 30, 31, 33, 36, 37, 38, 40, 0, 0, 0, 0, 47, 48, 49, 50, 51, 52, 2, 4, 5, 6, 9, 11, 12, 14, 17, 19, 20, 21, 22, 23, 24, 25, 26, 27, 28, 29, 30, 31, 34, 36, 37, 38, 41, 0, 0, 0, 0, 0, 0, 0, 0, 0, 0, 2, 4, 5, 6, 9, 11, 12, 14, 17, 19, 20, 21, 22, 0, 0, 0, 0, 0, 0, 29, 30, 31, 34, 36, 37, 38, 41, 43, 44, 45, 46, 0, 0, 0, 0, 0, 0, 2, 4, 5, 6, 9, 11, 12, 14, 17, 19, 20, 21, 22, 0, 0, 0, 0, 0, 0, 29, 30, 31, 34, 36, 37, 38, 41, 0, 0, 0, 0, 47, 48, 49, 50, 51, 52, 2, 4, 5, 7, 9, 11, 12, 14, 17, 19, 20, 21, 22, 23, 24, 25, 26, 27, 28, 29, 30, 32, 34, 36, 37, 39, 41, 0, 0, 0, 0, 0, 0, 0, 0, 0, 0, 2, 4, 5, 7, 9, 11, 12, 14, 17, 19, 20, 21, 22, 0, 0, 0, 0, 0, 0, 29, 30, 32, 34, 36, 37, 39, 41, 43, 44, 45, 46, 0, 0, 0, 0, 0, 0, 2, 4, 5, 7, 9, 11, 12, 14, 17, 19, 20, 21, 22, 0, 0, 0, 0, 0, 0, 29, 30, 32, 34, 36, 37, 39, 41, 0, 0, 0, 0, 47, 48, 49, 50, 51, 52, 3, 4, 5, 7, 10, 11, 12, 15, 18, 19, 20, 21, 22, 23, 24, 25, 26, 27, 28, 29, 30, 32, 35, 36, 37, 39, 42, 0, 0, 0, 0, 0, 0, 0, 0, 0, 0, 3, 4, 5, 7, 10, 11, 12, 15, 18, 19, 20, 21, 22, 0, 0, 0, 0, 0, 0, 29, 30, 32, 35, 36, 37, 39, 42, 43, 44, 45, 46, 0, 0, 0, 0, 0, 0, 3, 4, 5, 7, 10, 11, 12, 15, 18, 19, 20, 21, 22, 0, 0, 0, 0, 0, 0, 29, 30, 32, 35, 36, 37, 39, 42, 0, 0, 0, 0, 47, 48, 49, 50, 51, 52, 3, 4, 5, 7, 10, 11, 12, 15, 18, 19, 20, 21, 22, 23, 24, 25, 26, 27, 28, 29, 30, 32, 35, 36, 37, 39, 42, 0, 0, 0, 0, 0, 0, 0, 0, 0, 0, 3, 4, 5, 7, 10, 11, 12, 15, 18, 19, 20, 21, 22, 0, 0, 0, 0, 0, 0, 29, 30, 32, 35, 36, 37, 39, 42, 43, 44, 45, 46, 0, 0, 0, 0, 0, 0, 3, 4, 5, 7, 10, 11, 12, 15, 18, 19, 20, 21, 22, 0, 0, 0, 0, 0, 0, 29, 30, 32, 35, 36, 37, 39, 42, 0, 0, 0, 0, 47, 48, 49, 50, 51, 52]);
x_time = array1d(1..52, [1273, 1275, 1060, 4, 5, 220, 221, 1147, 1278, 1259, 275, 276, 970, 385, 281, 903, 546, 286, 400, 404, 408, 412, 825, 827, 829, 831, 833, 835, 670, 30, 583, 239, 1217, 679, 1286, 459, 595, 323, 466, 1116, 1118, 995, 865, 867, 869, 871, 873, 875, 877, 879, 881, 883]);
x_room = array1d(1..52, [4, 4, 3, 1, 1, 1, 2, 3, 3, 3, 2, 1, 4, 4, 5, 4, 4, 5, 2, 2, 3, 3, 3, 3, 3, 3, 3, 3, 2, 2, 2, 2, 5, 3, 5, 2, 2, 1, 1, 5, 4, 5, 5, 5, 5, 5, 4, 4, 4, 4, 4, 4]);
x_w_start = array1d(1..52, [1, 2, 3, 4, 5, 6, 7, 2, 1, 5, 8, 9, 11, 12, 11, 13, 14, 12, 16, 17, 16, 17, 18, 19, 18, 19, 18, 19, 10, 15, 3, 6, 5, 11, 1, 8, 10, 15, 13, 3, 5, 1, 18, 19, 18, 19, 18, 19, 18, 19, 18, 19]);
x_headcount = array1d(1..52, [6, 6, 6, 18, 18, 9, 9, 6, 6, 6, 18, 18, 6, 6, 6, 6, 6, 6, 18, 18, 18, 18, 6, 6, 6, 6, 6, 6, 18, 18, 9, 9, 6, 6, 6, 18, 18, 9, 9, 6, 6, 6, 6, 6, 6, 6, 6, 6, 6, 6, 6, 6]);
x_p_time = array1d(1..52, [42, 42, 31, 0, 0, 3, 3, 32, 42, 41, 10, 10, 23, 11, 10, 22, 12, 10, 11, 11, 11, 11, 21, 21, 21, 21, 21, 21, 13, 0, 12, 3, 33, 13, 42, 11, 12, 10, 11, 31, 31, 23, 21, 21, 21, 21, 21, 21, 21, 21, 21, 21]);
x_p_room = array1d(1..52, [0, 0, 2, 0, 0, 0, 1, 2, 2, 2, 1, 0, 0, 0, 1, 0, 0, 1, 1, 1, 2, 2, 2, 2, 2, 2, 2, 2, 1, 1, 1, 1, 1, 2, 1, 1, 1, 0, 0, 1, 0, 1, 1, 1, 1, 1, 0, 0, 0, 0, 0, 0]);
x_p_student = array1d(1..18, [0, 0, 0, 0, 0, 0, 0, 0, 0, 0, 0, 0, 0, 0, 0, 0, 0, 0]);
x_p_distribution = array1d(1..85, [0, 0, 0, 0, 0, 0, 0, 0, 0, 0, 0, 0, 0, 0, 0, 0, 0, 0, 0, 0, 0, 0, 0, 0, 0, 0, 0, 0, 0, 0, 0, 0, 0, 0, 0, 0, 0, 0, 0, 0, 0, 0, 0, 0, 0, 0, 0, 0, 0, 0, 0, 0, 0, 0, 0, 0, 0, 0, 0, 0, 0, 0, 0, 0, 0, 0, 0, 0, 0, 0, 0, 0, 0, 0, 0, 0, 0, 0, 0, 0, 0, 0, 0, 0, 0]);
x_cost = 0;
x_ec_duration = array2d(1..18, 1..52, [1, 0, 0, 1, 1, 1, 0, 1, 0, 0, 1, 1, 1, 0, 0, 1, 0, 0, 1, 1, 1, 1, 1, 1, 1, 1, 1, 1, 1, 1, 1, 0, 1, 0, 0, 1, 1, 1, 0, 1, 0, 0, 0, 0, 0, 0, 0, 0, 0, 0, 0, 0, 1, 0, 0, 1, 1, 1, 0, 1, 0, 0, 1, 1, 1, 0, 0, 1, 0, 0, 1, 1, 1, 1, 0, 0, 0, 0, 0, 0, 1, 1, 1, 0, 1, 0, 0, 1, 1, 1, 0, 1, 0, 0, 1, 1, 1, 1, 0, 0, 0, 0, 0, 0, 1, 0, 0, 1, 1, 1, 0, 1, 0, 0, 1, 1, 1, 0, 0, 1, 0, 0, 1, 1, 1, 1, 0, 0, 0, 0, 0, 0, 1, 1, 1, 0, 1, 0, 0, 1, 1, 1, 0, 1, 0, 0, 0, 0, 0, 0, 1, 1, 1, 1, 1, 1, 1, 0, 0, 1, 1, 1, 0, 1, 0, 0, 1, 1, 1, 0, 0, 1, 0, 0, 1, 1, 1, 1, 1, 1, 1, 1, 1, 1, 1, 1, 1, 0, 1, 0, 0, 1, 1, 1, 0, 1, 0, 0, 0, 0, 0, 0, 0, 0, 0, 0, 0, 0, 1, 0, 0, 1, 1, 1, 0, 1, 0, 0, 1, 1, 1, 0, 0, 1, 0, 0, 1, 1, 1, 1, 0, 0, 0, 0, 0, 0, 1, 1, 1, 0, 1, 0, 0, 1, 1, 1, 0, 1, 0, 0, 1, 1, 1, 1, 0, 0, 0, 0, 0, 0, 1, 0, 0, 1, 1, 1, 0, 1, 0, 0, 1, 1, 1, 0, 0, 1, 0, 0, 1, 1, 1, 1, 0, 0, 0, 0, 0, 0, 1, 1, 1, 0, 1, 0, 0, 1, 1, 1, 0, 1, 0, 0, 0, 0, 0, 0, 1, 1, 1, 1, 1, 1, 0, 1, 0, 1, 1, 1, 0, 0, 1, 0, 1, 1, 0, 1, 0, 0, 1, 0, 1, 1, 1, 1, 1, 1, 1, 1, 1, 1, 1, 1, 1, 0, 0, 1, 0, 1, 1, 1, 0, 0, 1, 0, 0, 0, 0, 0, 0, 0, 0, 0, 0, 0, 0, 1, 0, 1, 1, 1, 0, 0, 1, 0, 1, 1, 0, 1, 0, 0, 1, 0, 1, 1, 1, 1, 0, 0, 0, 0, 0, 0, 1, 1, 1, 0, 0, 1, 0, 1, 1, 1, 0, 0, 1, 0, 1, 1, 1, 1, 0, 0, 0, 0, 0, 0, 0, 1, 0, 1, 1, 1, 0, 0, 1, 0, 1, 1, 0, 1, 0, 0, 1, 0, 1, 1, 1, 1, 0, 0, 0, 0, 0, 0, 1, 1, 1, 0, 0, 1, 0, 1, 1, 1, 0, 0, 1, 0, 0, 0, 0, 0, 1, 1, 1, 1, 1, 1, 0, 1, 0, 1, 1, 0, 1, 0, 1, 0, 1, 1, 0, 1, 0, 0, 1, 0, 1, 1, 1, 1, 1, 1, 1, 1, 1, 1, 1, 1, 0, 1, 0, 1, 0, 1, 1, 0, 1, 0, 1, 0, 0, 0, 0, 0, 0, 0, 0, 0, 0, 0, 0, 1, 0, 1, 1, 0, 1, 0, 1, 0, 1, 1, 0, 1, 0, 0, 1, 0, 1, 1, 1, 1, 0, 0, 0, 0, 0, 0, 1, 1, 0, 1, 0, 1, 0, 1, 1, 0, 1, 0, 1, 0, 1, 1, 1, 1, 0, 0, 0, 0, 0, 0, 0, 1, 0, 1, 1, 0, 1, 0, 1, 0, 1, 1, 0, 1, 0, 0, 1, 0, 1, 1, 1, 1, 0, 0, 0, 0, 0, 0, 1, 1, 0, 1, 0, 1, 0, 1, 1, 0, 1, 0, 1, 0, 0, 0, 0, 0, 1, 1, 1, 1, 1, 1, 0, 0, 1, 1, 1, 0, 1, 0, 0, 1, 1, 1, 0, 0, 1, 0, 0, 1, 1, 1, 1, 1, 1, 1, 1, 1, 1, 1, 1, 1, 0, 1, 0, 0, 1, 1, 1, 0, 1, 0, 0, 1, 0, 0, 0, 0, 0, 0, 0, 0, 0, 0, 0, 0, 1, 1, 1, 0, 1, 0, 0, 1, 1, 1, 0, 0, 1, 0, 0, 1, 1, 1, 1, 1, 0, 0, 0, 0, 0, 0, 1, 1, 0, 1, 0, 0, 1, 1, 1, 0, 1, 0, 0, 1, 1, 1, 1, 1, 0, 0, 0, 0, 0, 0, 0, 0, 1, 1, 1, 0, 1, 0, 0, 1, 1, 1, 0, 0, 1, 0, 0, 1, 1, 1, 1, 1, 0, 0, 0, 0, 0, 0, 1, 1, 0, 1, 0, 0, 1, 1, 1, 0, 1, 0, 0, 1, 0, 0, 0, 0, 1, 1, 1, 1, 1, 1, 0, 0, 1, 1, 1, 0, 1, 0, 0, 1, 1, 1, 0, 0, 1, 0, 0, 1, 1, 1, 1, 1, 1, 1, 1, 1, 1, 1, 1, 1, 0, 1, 0, 0, 1, 1, 1, 0, 1, 0, 0, 1, 0, 0, 0, 0, 0, 0, 0, 0, 0, 0, 0, 0, 1, 1, 1, 0, 1, 0, 0, 1, 1, 1, 0, 0, 1, 0, 0, 1, 1, 1, 1, 1, 0, 0, 0, 0, 0, 0, 1, 1, 0, 1, 0, 0, 1, 1, 1, 0, 1, 0, 0, 1, 1, 1, 1, 1, 0, 0, 0, 0, 0, 0, 0, 0, 1, 1, 1, 0, 1, 0, 0, 1, 1, 1, 0, 0, 1, 0, 0, 1, 1, 1, 1, 1, 0, 0, 0, 0, 0, 0, 1, 1, 0, 1, 0, 0, 1, 1, 1, 0, 1, 0, 0, 1, 0, 0, 0, 0, 1, 1, 1, 1, 1, 1]);
x_rc_duration = array2d(1..5, 1..52, [0, 0, 0, 1, 1, 1, 0, 0, 0, 0, 0, 1, 0, 0, 0, 0, 0, 0, 0, 0, 0, 0, 0, 0, 0, 0, 0, 0, 0, 0, 0, 0, 0, 0, 0, 0, 0, 1, 1, 0, 0, 0, 0, 0, 0, 0, 0, 0, 0, 0, 0, 0, 0, 0, 0, 0, 0, 0, 1, 0, 0, 0, 1, 0, 0, 0, 0, 0, 0, 0, 1, 1, 0, 0, 0, 0, 0, 0, 0, 0, 1, 1, 1, 1, 0, 0, 0, 1, 1, 0, 0, 0, 0, 0, 0, 0, 0, 0, 0, 0, 0, 0, 0, 0, 0, 0, 1, 0, 0, 0, 0, 1, 1, 1, 0, 0, 0, 0, 0, 0, 0, 0, 0, 0, 1, 1, 1, 1, 1, 1, 1, 1, 0, 0, 0, 0, 0, 1, 0, 0, 0, 0, 0, 0, 0, 0, 0, 0, 0, 0, 0, 0, 0, 0, 0, 0, 1, 1, 0, 0, 0, 0, 0, 0, 0, 0, 0, 0, 1, 1, 0, 1, 1, 0, 0, 0, 0, 0, 0, 0, 0, 0, 0, 0, 0, 0, 0, 0, 0, 0, 0, 0, 0, 0, 0, 0, 1, 0, 0, 0, 0, 0, 1, 1, 1, 1, 1, 1, 0, 0, 0, 0, 0, 0, 0, 0, 0, 0, 0, 0, 0, 0, 1, 0, 0, 1, 0, 0, 0, 0, 0, 0, 0, 0, 0, 0, 0, 0, 0, 0, 1, 0, 1, 0, 0, 0, 0, 1, 0, 1, 1, 1, 1, 1, 0, 0, 0, 0, 0, 0]);
----------
